9.910670992202741392e-01 9.801912080939300109e-01 9.496740668379123340e-01 8.476974459468777923e-01 6.480416967568938258e-01 5.289793187573695876e-01 1.870982116360216108e-01
9.964292752474528392e-01 9.953270640626409316e-01 9.911594302417282565e-01 9.542338611258672776e-01 7.282397806029687892e-01 4.418682019175410591e-01 6.107670382348978633e-01
9.950427768752102553e-01 9.954500400880493816e-01 9.949841699947093998e-01 9.943367348030311970e-01 9.831952315618117666e-01 7.241303123077407200e-01 5.675410813170013169e-01
0.000000000000000000e+00 0.000000000000000000e+00 0.000000000000000000e+00 0.000000000000000000e+00 0.000000000000000000e+00 0.000000000000000000e+00 0.000000000000000000e+00
9.932063422480467141e-01 9.914949434213389257e-01 9.896153420064516260e-01 9.871276354683509169e-01 5.957547094145707600e-01 3.252139468639249631e-01 4.906100738429657326e-01
9.960586610969442978e-01 9.934740798013572682e-01 9.917207817766940936e-01 9.663331613340881976e-01 9.383850138037118649e-01 8.575502915871603404e-01 7.978745802547924093e-01
9.916990726515703125e-01 9.916617600047614722e-01 9.866951202002232080e-01 9.661114106966994797e-01 7.302497604190096858e-01 2.112737962879837339e-01 7.929614707588737710e-02
0.000000000000000000e+00 0.000000000000000000e+00 0.000000000000000000e+00 0.000000000000000000e+00 0.000000000000000000e+00 0.000000000000000000e+00 0.000000000000000000e+00
9.891630799433358545e-01 9.863360045585395364e-01 9.822433401701421429e-01 9.797965982208709512e-01 9.630540218205718705e-01 8.863318657665537614e-01 4.136983725255952704e-01
9.790483579496696009e-01 9.709613277642809015e-01 9.528168129246923357e-01 8.956908784995875061e-01 8.569436659591941341e-01 6.708690837274547958e-01 8.685546190987710746e-01
9.771406848223789243e-01 9.488353665768229916e-01 7.269419335453046749e-01 7.806146814865360106e-01 9.244125823983146972e-01 8.661539664391958437e-01 9.197053013951363987e-01
9.787309134703560121e-01 9.501059233045611174e-01 8.777798970272635559e-01 6.643774889190406929e-01 2.029510434637439575e-01 2.471702861218970093e-01 1.416580874408972512e-01
9.877229166247847303e-01 9.850008005731762939e-01 9.552155075135801976e-01 8.881243757893079183e-01 8.435101220680935041e-01 2.341556040453285081e-01 3.641033314098404139e-01
9.732264818596879641e-01 9.656211041245911231e-01 9.494793763415977361e-01 9.637624006236955587e-01 9.489993227029296374e-01 7.995385726342011390e-01 2.318938194459548852e-01
7.250843938609481398e-01 8.988770650188864231e-01 3.494020939015262672e-01 3.523789416666839314e-01 4.649594335857190064e-01 6.262880532625174634e-01 3.414176064444581216e-01
0.000000000000000000e+00 0.000000000000000000e+00 0.000000000000000000e+00 0.000000000000000000e+00 0.000000000000000000e+00 0.000000000000000000e+00 0.000000000000000000e+00
8.681044307153086281e-01 8.960842295479591879e-01 9.470114128062177006e-01 9.465927437300512004e-01 8.336405195061631357e-01 3.749325765148766587e-01 2.784610596864027232e-01
