2.829159443077770675e+02 2.836659443077770675e+02 2.899159443077770675e+02 3.164159443077770675e+02 3.434159443077770675e+02 2.784159443077770675e+02 2.551659443077770675e+02
2.805856140552180022e+02 2.785856140552180022e+02 2.765856140552180022e+02 2.763356140552180022e+02 2.950856140552180022e+02 2.888356140552180022e+02 2.890856140552180022e+02
2.789583089570483594e+02 2.784583089570483594e+02 2.794583089570483594e+02 2.822083089570483594e+02 2.819583089570483594e+02 2.867083089570483594e+02 2.804583089570483594e+02
0.000000000000000000e+00 0.000000000000000000e+00 0.000000000000000000e+00 0.000000000000000000e+00 0.000000000000000000e+00 0.000000000000000000e+00 0.000000000000000000e+00
2.836155624142738247e+02 2.853655624142738247e+02 2.868655624142738247e+02 2.866155624142738247e+02 3.096155624142738247e+02 3.293655624142738247e+02 2.623655624142738247e+02
2.768950477085462012e+02 2.766450477085462012e+02 2.758950477085462012e+02 2.748950477085462012e+02 2.863950477085462012e+02 2.948950477085462012e+02 2.986450477085462012e+02
2.828244095293492251e+02 2.840744095293492251e+02 2.855744095293492251e+02 2.793244095293492251e+02 2.593244095293492251e+02 1.278244095293492251e+02 2.200744095293492251e+02
0.000000000000000000e+00 0.000000000000000000e+00 0.000000000000000000e+00 0.000000000000000000e+00 0.000000000000000000e+00 0.000000000000000000e+00 0.000000000000000000e+00
2.783757164208352606e+02 2.806257164208352606e+02 2.846257164208352606e+02 2.923757164208352606e+02 2.861257164208352606e+02 2.888757164208352606e+02 2.983757164208352606e+02
2.625581159849396045e+02 2.713081159849396045e+02 2.835581159849396045e+02 3.013081159849396045e+02 3.090581159849396045e+02 2.645581159849396045e+02 2.768081159849396045e+02
2.772910946704745356e+02 2.755410946704745356e+02 2.717910946704745356e+02 2.802910946704745356e+02 2.852910946704745356e+02 2.792910946704745356e+02 2.680410946704745356e+02
2.882685021896560897e+02 2.865185021896560897e+02 2.695185021896560897e+02 2.532685021896560897e+02 3.185185021896560897e+02 3.155185021896560897e+02 2.077685021896560897e+02
2.834135467467831972e+02 2.784135467467831972e+02 2.651635467467831972e+02 2.609135467467831972e+02 2.626635467467831972e+02 2.779135467467831972e+02 1.319135467467831972e+02
2.897673607266002591e+02 2.930173607266002591e+02 2.995173607266002591e+02 2.997673607266002591e+02 3.045173607266002591e+02 3.120173607266002591e+02 3.300173607266002591e+02
2.518885343207762446e+02 2.683885343207762162e+02 3.148885343207762162e+02 3.223885343207762162e+02 2.983885343207762162e+02 2.626385343207762162e+02 2.561385343207762162e+02
0.000000000000000000e+00 0.000000000000000000e+00 0.000000000000000000e+00 0.000000000000000000e+00 0.000000000000000000e+00 0.000000000000000000e+00 0.000000000000000000e+00
2.778556850633894442e+02 2.776056850633894442e+02 2.838556850633894442e+02 2.833556850633894442e+02 2.648556850633894442e+02 2.721056850633894442e+02 2.881056850633894442e+02
