5.469925635915932061e-01 5.585375590440185833e-01 6.618271632287228146e-01 3.414102799650879927e-01 3.284172649986732972e-01 4.048524922287395356e-01 1.802621099520375081e-01
9.433744044762972791e-01 9.522959394667438460e-01 8.720520717216492246e-01 4.150857826857031196e-01 2.571356647603001422e-01 2.928542682797504737e-01 2.796784948425685147e-01
7.929594562684528780e-01 4.197229538628252099e-01 4.919994823205052215e-01 5.428027209044933299e-01 1.844512292292835309e-01 2.010568710556253635e-01 3.378851906065918898e-01
0.000000000000000000e+00 0.000000000000000000e+00 0.000000000000000000e+00 0.000000000000000000e+00 0.000000000000000000e+00 0.000000000000000000e+00 0.000000000000000000e+00
8.501154921750825322e-01 8.206563033222564751e-01 9.020811098705243669e-01 8.635885634939669542e-01 6.488266694687990777e-01 8.169232925307670090e-01 1.793533166814761659e-01
9.149440790494612896e-01 8.731833836067655064e-01 6.611525720068698320e-01 6.360427635661608514e-01 3.671696570553151240e-01 5.847039305869673464e-01 5.192598622311260792e-01
1.451659009696562586e-01 6.276011781816930035e-02 1.929585824635324243e-01 2.230204301809895207e-01 1.182211591681222029e-01 2.656826006252418493e-01 1.336644594675203690e-01
0.000000000000000000e+00 0.000000000000000000e+00 0.000000000000000000e+00 0.000000000000000000e+00 0.000000000000000000e+00 0.000000000000000000e+00 0.000000000000000000e+00
4.092370864055460689e-01 5.638525494741425392e-01 4.479031320850151987e-01 3.355511291806377305e-01 1.529913044605813732e-01 1.543008657967082642e-01 1.795614133914120447e-01
9.388900840469118769e-01 9.430062316919275434e-01 9.794929774340401796e-01 9.769205524437951649e-01 9.372419292921572165e-01 7.098554939831432931e-01 7.365215895712654559e-01
9.479796496496072367e-01 9.622331811438332716e-01 9.616998494617331472e-01 9.737488313925090067e-01 9.754684408064624446e-01 9.754914122654196884e-01 9.693673694331889079e-01
3.298482725979273722e-01 1.975416536419689617e-01 1.458729390509374280e-01 2.941583209025467882e-01 5.059491518867307303e-01 2.281142912664072819e-01 1.230164393468384798e-01
8.891922650124618466e-01 9.084788291989770448e-01 7.779372737389843584e-01 2.214219970331743337e-01 2.881672519547498479e-01 1.158447544918971145e-01 1.373140341013640853e-01
3.578874543756022653e-01 2.758465974421143163e-01 2.511251605605909210e-01 1.254992083415769344e-01 2.925322504068286200e-01 2.063190782774594056e-01 2.018759353948753887e-01
9.537975686158912669e-01 9.413772907342435881e-01 6.939762383190405393e-01 4.556992248363835318e-01 2.665282386799386893e-01 5.379322317887487159e-01 3.317440678172505764e-01
0.000000000000000000e+00 0.000000000000000000e+00 0.000000000000000000e+00 0.000000000000000000e+00 0.000000000000000000e+00 0.000000000000000000e+00 0.000000000000000000e+00
2.560980894564671706e-01 3.750578099657731479e-01 1.905068263236402715e-01 2.541648541805476280e-01 4.618677524774517096e-01 4.849319377602379078e-01 2.627928082226591577e-01
