2.506659443077770675e+02 2.569159443077770675e+02 2.651659443077770675e+02 2.579159443077770675e+02 2.564159443077770675e+02 2.624159443077770675e+02 3.271659443077770675e+02
2.903356140552180022e+02 2.865856140552180022e+02 2.773356140552180022e+02 2.850856140552180022e+02 3.483356140552180022e+02 5.033561405521800225e+01 3.560856140552180022e+02
2.717083089570483594e+02 2.877083089570483594e+02 2.797083089570483594e+02 2.424583089570483594e+02 1.072083089570483594e+02 6.945830895704835939e+01 2.614583089570483594e+02
0.000000000000000000e+00 0.000000000000000000e+00 0.000000000000000000e+00 0.000000000000000000e+00 0.000000000000000000e+00 0.000000000000000000e+00 0.000000000000000000e+00
2.871155624142738247e+02 2.681155624142738247e+02 2.653655624142738247e+02 2.716155624142738247e+02 2.821155624142738247e+02 3.043655624142738247e+02 3.173655624142738247e+02
2.803950477085462012e+02 2.813950477085462012e+02 2.676450477085462012e+02 2.666450477085462012e+02 2.793950477085462012e+02 2.788950477085462012e+02 2.676450477085462012e+02
4.732440952934922507e+01 5.432440952934922507e+01 2.340744095293492251e+02 2.095744095293492251e+02 1.420744095293492251e+02 1.533244095293492251e+02 3.540744095293492251e+02
0.000000000000000000e+00 0.000000000000000000e+00 0.000000000000000000e+00 0.000000000000000000e+00 0.000000000000000000e+00 0.000000000000000000e+00 0.000000000000000000e+00
2.628757164208352606e+02 2.768757164208352606e+02 2.688757164208352606e+02 2.448757164208352606e+02 2.671257164208352606e+02 6.012571642083526058e+01 3.362571642083526058e+01
2.835581159849396045e+02 2.823081159849396045e+02 2.783081159849396045e+02 2.763081159849396045e+02 2.725581159849396045e+02 2.745581159849396045e+02 2.595581159849396045e+02
2.810410946704745356e+02 2.792910946704745356e+02 2.865410946704745356e+02 2.817910946704745356e+02 2.772910946704745356e+02 2.720410946704745356e+02 2.812910946704745356e+02
2.750185021896560897e+02 2.201850218965608974e+01 4.926850218965608974e+01 2.412685021896560897e+02 2.676850218965608974e+01 4.526850218965608974e+01 1.632685021896560897e+02
2.974135467467831972e+02 2.906635467467831972e+02 2.896635467467831972e+02 3.519135467467831972e+02 2.799135467467831972e+02 3.146635467467831972e+02 1.776635467467831972e+02
3.335173607266002591e+02 4.517360726600259113e+00 3.512673607266002591e+02 3.220173607266002591e+02 3.545173607266002591e+02 4.676736072660025911e+01 2.067673607266002591e+02
2.701385343207762162e+02 2.706385343207762162e+02 2.668885343207762162e+02 2.676385343207762162e+02 2.911385343207762162e+02 2.713885343207762162e+02 2.253885343207762162e+02
0.000000000000000000e+00 0.000000000000000000e+00 0.000000000000000000e+00 0.000000000000000000e+00 0.000000000000000000e+00 0.000000000000000000e+00 0.000000000000000000e+00
2.608556850633894442e+02 2.328556850633894442e+02 6.085568506338944417e+01 7.760568506338944417e+01 2.511056850633894442e+02 2.396056850633894442e+02 2.116056850633894442e+02
