9.934366132695461316e-01 9.892616219613831197e-01 9.771012871501381092e-01 8.016403750971951014e-01 6.863809503108052601e-01 8.852542979549715696e-01 9.769341939913900319e-01
9.930303236908873954e-01 9.909645032363868511e-01 9.883723274617526311e-01 9.414894291591354714e-01 5.812549678914227247e-01 6.523166089400987966e-01 7.450130346275474214e-01
9.979536389409935371e-01 9.982698306937155541e-01 9.987021078395976748e-01 9.974279251178649330e-01 9.898427166138201727e-01 9.320117334374994345e-01 9.676189701504912533e-01
0.000000000000000000e+00 0.000000000000000000e+00 0.000000000000000000e+00 0.000000000000000000e+00 0.000000000000000000e+00 0.000000000000000000e+00 0.000000000000000000e+00
9.940776422660864142e-01 9.947045436399112317e-01 9.947798225034126807e-01 9.749350901892454013e-01 5.972707704815778396e-01 4.558321844567294057e-01 5.649588584385006884e-01
9.932256842190820834e-01 9.907461307427858355e-01 9.766827143451783932e-01 9.573412323764542986e-01 9.278546981362281176e-01 8.157825446984737772e-01 8.104712437117010948e-01
9.927340009078622352e-01 9.931663115732178859e-01 9.924116222876798732e-01 9.952295847924665928e-01 9.899657858831713009e-01 9.223067173017280851e-01 7.016500620731677129e-01
0.000000000000000000e+00 0.000000000000000000e+00 0.000000000000000000e+00 0.000000000000000000e+00 0.000000000000000000e+00 0.000000000000000000e+00 0.000000000000000000e+00
9.926635839840720621e-01 9.907244687953818962e-01 9.908921670251706892e-01 9.944494761070240552e-01 9.962634480359527922e-01 9.878295114442064984e-01 9.707833677095614178e-01
9.245016114454169820e-01 9.310963858311456232e-01 9.001746277811993879e-01 9.115022419129836795e-01 8.881274040992401808e-01 6.811334015598377034e-01 8.432163001368455646e-01
9.698034547935925342e-01 9.532354681986406897e-01 8.349104029176864783e-01 8.155874141851783277e-01 8.884523918659031905e-01 8.900568786665732368e-01 9.473970277504645265e-01
9.933144405981925162e-01 9.892579883909211613e-01 9.862140445894748142e-01 9.883194541565917257e-01 9.881058053081522852e-01 9.811723970809808071e-01 9.589072009844460398e-01
9.756795354172309587e-01 9.060703696319204470e-01 8.907075540388768031e-01 9.600774270455679771e-01 9.788848473974361974e-01 9.570569497670259329e-01 8.253584738427058864e-01
9.781565206530112855e-01 9.556298832617491357e-01 9.124976304353233925e-01 8.385816314536237437e-01 7.232538777222391468e-01 6.322993840523800646e-01 3.760750336421466722e-01
8.414992423221370199e-01 6.615532143079131400e-01 6.314866203768204622e-01 5.514181247565586030e-01 6.173318684117825583e-01 9.459805694493005346e-01 5.274490919983296777e-01
0.000000000000000000e+00 0.000000000000000000e+00 0.000000000000000000e+00 0.000000000000000000e+00 0.000000000000000000e+00 0.000000000000000000e+00 0.000000000000000000e+00
7.537094330244870077e-01 7.916713648960274075e-01 8.117135072993277856e-01 8.098634843344685308e-01 8.087756183365049090e-01 8.264121624931505261e-01 7.065676530180886594e-01
