1.216797018784491229e+02 1.219297018784491229e+02 1.271797018784491229e+02 1.554297018784491229e+02 1.791797018784491229e+02 1.389297018784491229e+02 1.219297018784491229e+02
1.169928656689738204e+02 1.149928656689738204e+02 1.139928656689738204e+02 1.092428656689738204e+02 7.699286566897382045e+01 9.799286566897382045e+01 1.072428656689738204e+02
1.160722613336764368e+02 1.163222613336764368e+02 1.180722613336764368e+02 1.218222613336764368e+02 1.205722613336764368e+02 1.215722613336764368e+02 1.200722613336764368e+02
0.000000000000000000e+00 0.000000000000000000e+00 0.000000000000000000e+00 0.000000000000000000e+00 0.000000000000000000e+00 0.000000000000000000e+00 0.000000000000000000e+00
1.188288050410827736e+02 1.213288050410827736e+02 1.230788050410827736e+02 1.303288050410827736e+02 1.643288050410827736e+02 1.750788050410827736e+02 1.510788050410827736e+02
1.204200053660624690e+02 1.191700053660624690e+02 1.196700053660624690e+02 1.281700053660624690e+02 1.419200053660624690e+02 1.401700053660624690e+02 1.376700053660624690e+02
1.185140806167645735e+02 1.172640806167645735e+02 1.142640806167645735e+02 1.185140806167645735e+02 1.200140806167645735e+02 1.157640806167645735e+02 1.075140806167645735e+02
0.000000000000000000e+00 0.000000000000000000e+00 0.000000000000000000e+00 0.000000000000000000e+00 0.000000000000000000e+00 0.000000000000000000e+00 0.000000000000000000e+00
1.150315957875659194e+02 1.170315957875659194e+02 1.177815957875659194e+02 1.180315957875659194e+02 1.142815957875659194e+02 1.212815957875659194e+02 1.245315957875659194e+02
1.227561404218363919e+02 1.222561404218363919e+02 1.330061404218363919e+02 1.172561404218363919e+02 1.260061404218363919e+02 1.107561404218363919e+02 1.227561404218363919e+02
1.157508841472896961e+02 1.125008841472896961e+02 1.245008841472896961e+02 1.340008841472896961e+02 1.257508841472896961e+02 1.110008841472896961e+02 1.122508841472896961e+02
1.242485862041109357e+02 1.252485862041109357e+02 1.252485862041109357e+02 1.197485862041109357e+02 1.192485862041109357e+02 1.214985862041109357e+02 1.192485862041109357e+02
1.007524010003813260e+02 9.125240100038132596e+01 9.350240100038132596e+01 1.100024010003813260e+02 1.125024010003813260e+02 1.027524010003813260e+02 1.140024010003813260e+02
1.172411300480786736e+02 1.222411300480786736e+02 1.229911300480786736e+02 1.132411300480786736e+02 9.224113004807867355e+01 5.624113004807867355e+01 4.874113004807867355e+01
9.065091149529280301e+01 8.415091149529280301e+01 1.316509114952928030e+02 1.601509114952928030e+02 1.434009114952928030e+02 1.066509114952928030e+02 7.415091149529280301e+01
0.000000000000000000e+00 0.000000000000000000e+00 0.000000000000000000e+00 0.000000000000000000e+00 0.000000000000000000e+00 0.000000000000000000e+00 0.000000000000000000e+00
1.141916054854184495e+02 1.191916054854184495e+02 1.254416054854184495e+02 1.246916054854184495e+02 1.221916054854184495e+02 1.261916054854184495e+02 1.234416054854184495e+02
