8.193596055149096058e-01 8.395082970800372690e-01 7.270604201492080199e-01 4.460748748662579088e-01 3.857597897812118370e-01 2.759172545308904434e-01 5.202886193738006648e-01
8.259091835766914080e-01 6.195270530827859945e-01 5.647500332562986891e-01 3.338176478764791066e-01 3.751688976469779724e-01 8.691198840742217491e-02 1.747190188151516999e-01
9.382749180459613036e-01 9.179617081723236982e-01 9.768526258782412874e-01 9.678711474409047444e-01 8.912404156077016193e-01 7.656582797581616973e-01 8.525044998979293132e-01
0.000000000000000000e+00 0.000000000000000000e+00 0.000000000000000000e+00 0.000000000000000000e+00 0.000000000000000000e+00 0.000000000000000000e+00 0.000000000000000000e+00
8.915566337568647803e-01 8.635025014428113765e-01 9.239726287175710207e-01 8.711860836129293739e-01 4.044922575387288055e-01 4.649325569812274850e-01 4.106490731607927991e-01
8.661831366035889213e-01 7.488484913652341257e-01 6.237971545376511662e-01 5.873634572809612875e-01 5.445708967409397250e-01 4.301774522410550250e-01 6.664419730678492471e-01
8.291429407184158773e-01 7.677171895567168614e-01 8.498920592385486028e-01 9.204244060012006790e-01 7.491696071539636348e-01 1.306476033183061880e-01 4.270780390949955319e-01
0.000000000000000000e+00 0.000000000000000000e+00 0.000000000000000000e+00 0.000000000000000000e+00 0.000000000000000000e+00 0.000000000000000000e+00 0.000000000000000000e+00
9.481729174390709503e-01 9.332417646232933350e-01 8.891404485343896713e-01 8.306996076055892519e-01 5.940322877592455475e-01 2.053754679280104800e-01 5.538183785738040044e-01
8.532178836998737248e-01 9.109200066775204885e-01 9.451460645150395745e-01 9.479277335964698681e-01 8.683205175407324727e-01 8.299110420046064140e-01 7.425640875949188757e-01
9.490488430295118683e-01 9.559101372517824213e-01 9.600942274432970880e-01 9.637210041980331932e-01 9.599435744429614115e-01 9.812359649444845067e-01 9.809337263359301229e-01
9.499583464959769907e-01 9.617010189180172919e-01 8.044887650866938689e-01 6.253436566973309407e-01 7.569876571228957296e-01 7.136794754391481144e-01 6.252385245920411005e-01
9.690659578530350649e-01 9.534164184161101341e-01 6.853734676145748494e-01 2.188630573877707874e-01 1.533027357862313811e-01 1.583539461073380783e-01 1.895914632965383095e-01
2.149408336219696958e-01 2.295897410458214161e-01 1.918329669350467004e-01 2.398290882394965295e-01 9.721891711101607325e-02 6.555426849570883396e-02 5.041865442629472893e-01
4.666228248052586292e-01 4.113810952941475696e-01 1.381848437355415182e-01 3.884117081890023360e-01 3.644574659169906306e-01 4.142703945067895965e-01 5.299108797413740746e-01
0.000000000000000000e+00 0.000000000000000000e+00 0.000000000000000000e+00 0.000000000000000000e+00 0.000000000000000000e+00 0.000000000000000000e+00 0.000000000000000000e+00
5.385659303757329708e-01 5.330394038331630613e-01 5.683302716610946215e-01 4.822153533179283080e-01 5.827929879596527307e-01 6.251769189251098480e-01 5.892844276580374574e-01
