1.364297018784491229e+02 1.351797018784491229e+02 1.456797018784491229e+02 1.209297018784491229e+02 9.467970187844912289e+01 9.667970187844912289e+01 1.269297018784491229e+02
1.062428656689738204e+02 1.237428656689738204e+02 9.649286566897382045e+01 1.307428656689738204e+02 1.339928656689738204e+02 2.159928656689738204e+02 1.457428656689738204e+02
1.028222613336764368e+02 1.045722613336764368e+02 1.150722613336764368e+02 1.178222613336764368e+02 1.273222613336764368e+02 1.378222613336764368e+02 8.482226133367643683e+01
0.000000000000000000e+00 0.000000000000000000e+00 0.000000000000000000e+00 0.000000000000000000e+00 0.000000000000000000e+00 0.000000000000000000e+00 0.000000000000000000e+00
1.153288050410827736e+02 1.113288050410827736e+02 1.138288050410827736e+02 1.038288050410827736e+02 8.582880504108277364e+01 1.030788050410827736e+02 9.482880504108277364e+01
1.284200053660624690e+02 1.266700053660624690e+02 1.176700053660624690e+02 1.154200053660624690e+02 1.156700053660624690e+02 8.542000536606246897e+01 1.091700053660624690e+02
1.097640806167645451e+02 1.190140806167645451e+02 1.250140806167645451e+02 1.265140806167645451e+02 1.332640806167645451e+02 1.497640806167645451e+02 8.401408061676454508e+01
0.000000000000000000e+00 0.000000000000000000e+00 0.000000000000000000e+00 0.000000000000000000e+00 0.000000000000000000e+00 0.000000000000000000e+00 0.000000000000000000e+00
1.165315957875659194e+02 1.150315957875659194e+02 9.928159578756591941e+01 7.578159578756591941e+01 5.628159578756591941e+01 8.303159578756591941e+01 1.530315957875659194e+02
1.170061404218363919e+02 1.215061404218363919e+02 1.197561404218363919e+02 1.202561404218363919e+02 1.100061404218363919e+02 1.250061404218363919e+02 1.087561404218363919e+02
1.132508841472896961e+02 1.192508841472896961e+02 1.222508841472896961e+02 1.177508841472896961e+02 1.122508841472896961e+02 1.127508841472896961e+02 1.182508841472896961e+02
1.097485862041109499e+02 1.092485862041109499e+02 1.094985862041109499e+02 1.222485862041109499e+02 9.974858620411094989e+01 9.749858620411094989e+01 1.052485862041109499e+02
1.245024010003813260e+02 1.252524010003813260e+02 1.050024010003813260e+02 9.550240100038132596e+01 2.120024010003813260e+02 1.450240100038132596e+01 1.357524010003813260e+02
6.024113004807867355e+01 6.149113004807867355e+01 8.324113004807867355e+01 3.042411300480786736e+02 4.174113004807867355e+01 2.792411300480786736e+02 2.082411300480786736e+02
7.015091149529280301e+01 4.040091149529280301e+01 3.715091149529280301e+01 1.186509114952928030e+02 9.540091149529280301e+01 1.784009114952928030e+02 2.124009114952928030e+02
0.000000000000000000e+00 0.000000000000000000e+00 0.000000000000000000e+00 0.000000000000000000e+00 0.000000000000000000e+00 0.000000000000000000e+00 0.000000000000000000e+00
1.141916054854184495e+02 1.224416054854184495e+02 1.309416054854184495e+02 1.296916054854184495e+02 1.256916054854184495e+02 1.519416054854184495e+02 1.411916054854184495e+02
